00001111110000010000010000010111
00000000000001000000010000010011
00000000011100000000101110010011
00000000000000000000001010010011
00000011011100101000111001100011
00000000000000000000001100010011
00000011011100110000011001100011
00000000001000110001001110010011
00000000100000111000001110110011
00000000010000111000111000010011
00000000000000111010111010000011
00000000000011100010111100000011
00000000000000000000000000010011
00000000000000000000000000010011
00000001111000111010000000100011
00000001111011101101011001100011
00000001110111100010000000100011
00000000000100110000001100010011
11111101100111111111000001101111
00000000000100101000001010010011
11111100100111111111000001101111
00000000101000000000100010010011
00000000000000000000000001110011
